$ANSIBLE_VAULT;1.1;AES256
63633935336665663433653531356532313063333961326236356430663331353332646633616162
3934393232633738306434326539386637663435373537370a376365663765386133646364636261
64356362356332326461346639613166383162363238623836316236303431353764636534643163
6364393065383130370a343164643864373633363263633861383330326638643966323666343663
39356136383837643931303461363336383834393537303864383966333363613939613835613361
33303739653638326134646435393534666538383537653064656139396261346561363661663962
65383965323237396330383232626634373937393964303966303432633138653963396264363232
39636136346333336437393666363336633235643934373033343761643964633534666633623236
31653338353164666562343561336532383738326564633437336163336662343432346136663766
33636665623136306632653961383738393961373561316130636631393935373135633637306534
32626464316361663239343765663835366437376361613566303463356365353162386562333662
65663839336637386464
